Name, Number, Tech number, Class, Ammo count, Space, Cost, 
"No Weapons"          ,    0,   Tech0,  0,255,    0,    0,0000000000000000,    0,    0,  0,  0,0000000000000000;
"Mass Driver"         ,    1, Tech104,  0,255,   10,    7,0000000000000100,    6,    6,  6,  6,0000000010001110;
"Gauss Cannon"        ,    2,  Tech78,  0,255,   10,   10,0000000000000100,   18,   18, 10, 10,0000000010001010;
"Laser Cannon"        ,    3, Tech100,  0,255,   10,    5,0000000000000000,    1,    4,  1,  4,0000000010111110;
"Particle Beam"       ,    4, Tech123,  0,255,   15,   35,0000000100000000,   10,   30,  5, 25,0000000000010110;
"Fusion Beam"         ,    5,  Tech70,  0,255,   10,    6,0000000000000010,    2,    6,  2,  6,0000000100010110;
"Ion Pulse Cannon"    ,    6,  Tech97,  0,255,   30,   15,0000000000001000,    2,   10,  2, 10,0000000010010000;
"Graviton Beam"       ,    7,  Tech79,  0,255,   15,   12,0000000000100000,    3,   15,  5, 15,0000000000010010;
"Neutron Blaster"     ,    8, Tech115,  0,255,   10,    8,0000000000010000,    3,   12,  3, 12,0000000000010010;
"Phasor"              ,    9, Tech127,  0,255,   10,   10,0000000000000000,    5,   20,  5, 20,0000000011010110;
"Disrupter"           ,   10,  Tech54,  0,255,   20,   25,0000000000000100,   40,   40, 20, 20,0000000010000010;
"Death Ray"           ,   11,  Tech47,  0,255,   30,   75,0000000001010000,   50,  100, 10, 40,0000000000000010;
"Plasma Cannon"       ,   12, Tech137,  0,255,   25,   15,0000001000000010,    6,   30,  6, 24,0000000000010010;
"Spatial Compressor"  ,   13, Tech165,  5,255,   50,   40,0001000000000000,    4,   32,  5, 40,0000000000000000;
"Nuclear Missile"     ,   14, Tech121,  1,  5,    0,    0,0000000000000000,    8,    8,  8,  8,0011111000000000;
"Merculite Missile"   ,   15, Tech106,  1,  5,    0,    0,0000000000000000,   14,   14, 14, 14,0011111000000000;
"Pulson Missile"      ,   16, Tech149,  1,  5,    0,    0,0000000000000000,   20,   20, 20, 20,0011111000000000;
"Zeon Missile"        ,   17, Tech202,  1,  5,    0,    0,0000000000000000,   30,   30, 30, 30,0011111000000000;
"Anti-Matter Torp"    ,   18,  Tech12,  2,  2,   20,   15,0000000000000000,   25,   25, 25, 25,0101010100000000;
"Proton Torpedo"      ,   19, Tech146,  2,  2,   30,   20,0000000000000000,   40,   40, 40, 40,0100010100000000;
"Plasma Torpedo"      ,   20, Tech139,  2,  2,   40,   75,0000100000000000,  120,  120, 50, 50,0100010100100000;
"Nuclear Bomb"        ,   21, Tech119,  3, 10,    5,    3,0000000000000000,    3,   12,  3, 12,0000000000000000;
"Fusion Bomb"         ,   22,  Tech71,  3, 10,    7,    5,0000000000000000,    4,   24,  4, 24,0000000000000000;
"Anti-Matter Bomb"    ,   23,  Tech10,  3, 10,    7,    6,0000000000000000,    5,   40,  5, 40,0000000000000000;
"Neutronium Bomb"     ,   24, Tech118,  3, 10,   10,    9,0000000000000000,   10,   60, 10, 60,0000000000000000;
"Death Spore"         ,   25,  Tech48,  3, 10,    5,    5,0000000010000000,   10,   10, 10, 10,0000000000000000;
"Bio-Terminator"      ,   26,  Tech28,  3, 10,    7,    8,0000000010000000,   20,   20, 20, 20,0000000000000000;
"Mauler Device"       ,   27, Tech105,  0,255,   50,   75,0000010000000010,  100,  100, 25, 25,0000000000000010;
"Assault Shuttle"     ,   28,  Tech17,  4,  1,   25,   10,0000000000000000,    0,    0,  0,  0,0000000000000000;
"Heavy Fighter"       ,   29,  Tech83,  4,  1,   80,   50,0000000000000000,    0,    0,  4, 16,0000000000000000;
"Bomber"              ,   30,  Tech31,  4,  1,   60,   30,0000000000000000,    0,    0,  2,  7,0000000000000000;
"Interceptor"         ,   31,  Tech66,  4,  1,   30,   10,0000000000000000,    6,   15,  1,  4,0000000000000000;
"Stasis Field"        ,   32, Tech171,  5,255,   75,   75,0000000000000000,    0,    0,  0,  0,0000000000000000;
"Anti-Missile Rocket" ,   33,  Tech13,  5, 20,   20,    5,0000000000000000,    0,    0,  0,  0,0000000000000000;
"Gyro Destabilizer"   ,   34,  Tech80,  5,255,   75,   50,0000000000000000,    1,    4,  3,  8,0000000000000000;
"Plasma Web"          ,   35, Tech140,  5,255,   40,   40,0000000000000000,    5,   25,  4, 12,0000000000000000;
"Pulsar"              ,   36, Tech148,  5,255,   50,   30,0000000000000000,    2,   24,  4, 20,0000000000000000;
"Black Hole Generator",   37,  Tech30,  5,255,  150,  150,0000000000000000,    6,   15,100,100,0000000000000000;
"Stellar Converter"   ,   38, Tech174,  5,255,  500,  500,0000000000000000,  400,  400,250,250,0000000000000000;
"Tractor Beam"        ,   39, Tech188,  5,255,   30,   20,0000000000000000,    0,    0,  0,  0,0000000000000000;
"Dragon Breath"       ,   40,   Tech0,  2,  1,   25,   20,0000010000000000,  300,  300,150,150,0000000000000010;
"Phasor Eye"          ,   41,   Tech0,  0,255,   10,   10,0000000000000000,    5,   10,  5, 10,0000000011010110;
"Crystal Ray"         ,   42,   Tech0,  0,255,   60,   75,0000000000010000,   40,   80, 50, 90,0000000000010010;
"Plasma Breath"       ,   43,   Tech0,  0,255,   50,   75,0000010000000010,   60,   60, 70, 70,0000000000000010;
"Plasma Flux"         ,   44,   Tech0,  5,255,  250,  100,0000000000000000,   10,   40, 10, 30,0000000000000000;
"Caustic Slime"       ,   45,   Tech0,  5,255,  300,  100,0000000000000000,   25,   50,  4, 12,0000000000000000;